202
0 61 247 114 120 469 384 458 98 102 484 445 325 261 47 381 31 135 442 47 176 251 224 82 173 312 402 161 496 58 235 187 146 391 38 449 252 247 399 255 314 403 311 142 113 413 364 281 51 433 168 127 304 42 137 377 399 103 161 189 318 336 175 130 422 308 366 420 322 84 108 106 305 70 29 390 490 146 401 413 208 449 163 104 294 56 340 186 196 31 408 164 299 166 303 277 438 298 182 389 241 53 415 339 398 164 350 77 406 493 326 241 445 64 372 50 89 397 233 317 212 486 350 61 416 295 307 155 234 211 72 490 210 161 144 66 90 407 451 267 317 117 307 413 323 85 289 69 178 241 368 202 486 166 90 113 388 440 451 62 235 150 139 284 397 448 263 255 221 262 370 231 136 274 480 296 41 488 179 488 24 141 434 73 99 38 118 200 448 387 487 388 33 188 423 67 41 410 397 273 414 409 
61 0 436 235 191 460 469 219 376 258 83 484 468 104 469 129 82 335 345 233 443 303 167 54 403 268 260 38 398 440 136 418 421 409 178 189 297 332 122 318 312 298 199 450 397 298 451 155 348 456 491 382 254 292 395 188 106 462 106 175 133 129 482 344 476 301 338 262 431 441 439 217 176 72 409 295 172 220 130 383 489 121 308 461 209 395 123 222 45 202 225 228 246 317 257 252 232 349 254 301 409 316 149 468 392 325 495 94 249 261 412 405 320 138 413 319 443 459 96 387 69 489 177 206 489 213 175 437 276 466 285 28 462 475 314 374 201 136 51 46 283 493 375 485 393 452 268 412 325 493 416 21 378 146 162 21 324 176 82 429 261 275 310 153 406 64 79 392 59 473 364 254 250 445 29 246 173 174 202 268 118 87 325 218 211 142 285 97 114 214 404 74 454 392 499 333 250 307 477 338 37 33 
247 436 0 130 343 288 412 85 242 340 433 447 22 279 307 245 123 24 483 232 121 281 303 92 245 253 185 91 352 162 442 106 124 240 487 220 353 274 370 390 255 133 51 340 196 367 105 90 160 274 315 44 199 225 196 114 118 402 111 406 378 53 351 64 78 164 499 132 420 347 360 26 390 457 30 175 476 487 63 218 464 329 222 306 305 147 317 94 245 207 369 268 483 220 202 102 143 136 397 321 135 385 324 120 462 456 250 186 231 71 191 127 53 420 50 64 448 183 160 231 442 409 200 453 258 318 225 67 457 260 158 219 403 300 177 424 257 328 493 27 141 310 80 368 53 44 225 320 411 404 375 216 332 90 123 105 416 196 206 257 386 417 77 251 369 101 436 82 357 52 257 476 85 61 443 149 249 265 339 312 236 115 73 182 244 474 434 192 357 469 472 103 227 103 451 135 487 308 375 478 323 82 
114 235 130 0 254 291 201 35 359 85 361 130 206 274 345 123 350 138 219 161 213 274 217 154 296 93 116 285 262 488 61 320 33 341 195 395 202 442 271 177 284 58 332 223 476 213 460 213 415 412 358 150 77 72 292 475 229 331 380 108 385 390 317 209 90 285 173 134 431 360 464 238 355 139 172 425 324 201 203 489 275 468 32 257 289 296 141 447 247 281 229 60 473 394 461 337 75 63 73 492 404 341 372 419 290 48 207 264 495 86 158 30 67 347 464 43 121 123 446 463 390 111 149 20 184 122 439 293 411 484 158 132 290 265 195 119 323 402 478 227 164 228 111 124 373 55 445 412 286 458 349 402 379 85 469 124 485 320 225 88 498 50 21 23 32 492 292 147 270 23 161 323 43 187 100 109 115 305 48 443 407 188 83 177 349 83 269 381 168 322 148 400 121 338 214 268 246 230 289 383 330 200 
120 191 343 254 0 288 207 236 163 295 86 325 338 273 209 204 408 263 499 117 306 164 95 298 106 471 405 215 301 489 396 364 415 224 322 415 173 322 496 368 132 286 226 273 449 264 485 486 72 195 353 265 216 356 361 114 254 116 432 436 138 342 415 395 191 490 101 245 111 497 366 30 230 402 54 353 293 316 32 108 82 173 194 483 334 403 356 168 104 337 393 249 48 420 460 218 78 70 175 181 404 403 336 383 49 42 221 189 488 342 233 454 320 142 223 491 189 58 119 308 79 471 263 365 201 124 412 65 373 478 329 262 198 337 190 281 494 48 381 139 273 95 329 477 89 78 320 71 364 257 395 95 155 110 179 472 28 262 54 265 90 24 314 240 75 51 321 375 259 330 478 53 328 477 392 216 389 213 428 481 450 303 263 48 244 318 20 291 465 394 131 313 327 253 395 28 205 96 289 350 218 449 
469 460 288 291 288 0 393 386 340 56 269 287 108 299 204 161 265 206 116 336 386 366 307 341 304 400 426 281 162 341 324 49 275 162 133 344 441 125 102 123 191 26 288 218 342 247 327 461 72 36 250 134 429 264 56 310 193 256 372 114 405 328 268 311 292 351 374 139 298 262 444 295 112 329 299 498 43 98 326 399 358 186 96 282 253 178 42 206 172 97 105 107 198 382 107 278 490 32 220 98 179 132 308 462 80 495 275 142 467 276 177 238 237 408 431 436 250 149 145 198 249 60 400 300 287 222 235 55 332 301 94 98 126 94 86 88 389 498 323 215 55 21 495 275 388 294 110 445 364 377 182 261 304 89 209 350 263 50 433 385 370 77 36 117 338 413 456 494 344 411 289 435 125 397 424 37 243 364 390 188 348 101 385 52 153 352 54 296 326 96 392 29 260 394 119 483 471 41 149 279 305 465 
384 469 412 201 207 393 0 405 396 270 195 229 44 66 113 254 89 80 35 473 249 221 472 228 498 131 368 246 210 362 74 159 210 52 362 451 155 24 414 424 42 435 160 494 272 441 222 127 477 209 185 455 254 290 43 294 101 72 172 419 488 172 182 227 428 115 488 443 259 54 424 226 499 498 205 426 26 480 347 432 207 232 336 274 107 241 63 322 71 476 283 88 263 242 438 396 120 411 42 356 310 305 24 266 497 149 143 354 337 128 368 411 56 123 48 67 166 51 157 352 483 487 388 285 408 485 498 257 63 213 441 230 188 211 150 329 172 34 49 221 125 127 453 133 414 52 352 290 441 142 397 457 350 242 464 441 290 203 337 363 39 295 29 427 62 130 362 38 266 387 250 388 391 358 33 280 363 186 362 470 172 428 214 101 98 163 487 405 398 461 157 210 314 378 158 281 163 136 187 138 309 255 
458 219 85 35 236 386 405 0 145 415 406 446 173 220 390 148 308 232 453 340 66 315 150 99 337 312 322 148 92 349 64 214 388 152 147 172 435 28 404 157 223 309 435 461 209 280 152 428 423 191 494 333 151 340 194 410 277 139 40 38 471 404 480 67 439 465 343 278 312 453 432 71 140 494 420 317 405 309 360 105 491 452 270 129 478 119 271 177 93 53 200 397 406 96 130 362 158 139 278 109 179 109 464 452 320 148 147 148 257 283 30 467 296 94 302 151 319 461 36 430 463 383 296 272 32 361 174 113 482 336 120 475 364 219 476 380 98 172 487 444 60 177 226 50 261 182 309 183 98 125 361 315 116 336 338 118 159 118 237 290 107 229 101 135 298 216 413 279 284 225 233 188 432 223 189 334 108 275 171 233 302 48 391 446 244 146 397 137 249 176 134 451 129 372 486 473 471 235 89 477 20 152 
98 376 242 359 163 340 396 145 0 256 411 387 46 342 175 163 254 440 277 205 205 133 161 118 458 98 240 311 287 65 190 235 69 290 409 473 445 154 22 147 92 276 67 222 102 150 381 51 287 485 259 101 318 171 267 228 66 216 339 449 202 326 346 115 128 354 80 473 277 168 43 321 371 302 475 297 46 132 481 36 381 121 475 127 264 98 35 356 354 119 58 94 153 222 95 223 108 493 292 447 380 266 258 230 421 21 299 235 463 456 33 381 225 253 454 130 373 241 467 319 370 423 205 472 149 401 212 56 81 107 30 371 185 232 292 169 220 145 91 78 273 426 198 168 306 311 426 56 397 320 194 189 408 369 244 469 198 37 195 326 344 68 166 28 117 298 410 339 285 106 499 440 90 51 473 75 345 338 240 391 87 247 24 166 127 60 87 254 51 452 51 208 393 225 357 131 344 217 426 108 242 233 
102 258 340 85 295 56 270 415 256 0 220 82 277 298 288 175 349 467 321 153 284 447 221 353 77 401 222 187 325 213 44 224 395 105 481 144 201 92 446 316 483 53 220 260 488 311 293 348 391 356 99 468 260 351 473 279 43 279 273 116 195 385 374 60 455 260 356 235 465 251 348 139 56 342 92 245 380 195 462 345 382 460 416 257 22 448 20 80 96 438 313 80 406 334 313 397 260 315 52 380 247 415 46 321 88 21 388 495 216 405 69 432 396 435 62 103 282 41 182 52 148 118 28 217 134 390 350 475 299 309 315 43 100 399 219 325 331 441 61 312 133 53 369 167 342 353 423 400 474 98 264 363 49 32 164 469 250 145 427 174 387 346 416 223 320 499 490 448 250 491 205 441 170 43 89 455 198 319 226 322 475 467 336 253 188 475 119 173 410 22 265 461 405 307 107 289 274 51 37 58 205 177 
484 83 433 361 86 269 195 406 411 220 0 318 218 464 192 423 408 484 21 343 70 424 421 247 177 192 111 223 41 303 61 225 161 425 390 35 441 162 152 371 475 395 53 118 419 222 188 194 482 87 265 398 164 230 159 134 144 323 165 418 144 321 430 473 403 454 350 146 207 185 105 476 490 349 478 383 315 317 69 50 204 488 357 494 260 32 233 35 34 461 356 266 44 375 82 219 41 212 224 319 299 63 47 136 145 138 277 288 459 437 197 191 416 255 240 321 173 92 236 280 495 167 84 254 99 410 336 301 491 189 470 434 52 251 209 447 310 379 33 193 283 141 483 145 196 259 275 399 328 98 463 139 255 281 253 486 382 338 368 121 419 358 391 83 83 374 343 169 322 87 362 201 147 206 71 177 193 380 276 30 222 315 346 230 217 362 360 329 325 454 283 102 55 26 60 298 368 151 425 367 285 487 
445 484 447 130 325 287 229 446 387 82 318 0 249 482 123 447 282 357 479 83 446 23 308 431 150 496 358 67 316 305 31 222 439 315 496 351 315 384 371 423 48 215 270 339 52 371 123 73 355 182 69 80 214 98 245 357 393 433 430 43 450 453 182 291 431 290 118 61 238 347 452 78 499 362 63 290 422 228 122 115 395 268 381 442 134 199 168 38 222 177 441 427 289 45 80 253 104 290 401 445 413 164 362 83 282 49 374 189 372 414 449 390 344 304 109 218 85 463 372 473 250 471 47 331 129 498 438 403 492 259 233 103 142 388 143 414 270 242 60 331 392 391 280 137 276 136 478 440 235 288 418 39 455 77 23 242 202 442 240 110 322 173 421 226 108 97 57 472 278 247 249 85 329 232 199 261 103 350 88 411 209 132 410 472 204 187 315 488 421 270 230 277 371 296 239 23 60 293 177 393 90 134 
325 468 22 206 338 108 44 173 46 277 218 249 0 53 482 63 201 150 482 247 377 451 203 270 417 420 403 306 103 161 119 25 246 31 145 421 60 429 77 423 470 318 281 195 361 407 411 467 179 44 39 238 160 70 81 138 225 360 128 479 122 498 420 238 475 421 394 387 273 296 461 86 478 490 398 376 455 457 71 460 492 338 93 115 285 266 21 174 299 333 328 413 92 373 473 397 323 350 391 274 208 487 318 49 388 59 147 129 231 209 175 178 29 496 139 463 23 311 414 321 134 285 467 276 373 404 126 253 88 403 464 92 127 468 329 30 111 154 270 167 243 184 59 174 495 46 378 329 278 469 149 427 60 478 264 235 46 149 123 326 32 140 110 296 455 341 246 391 489 47 423 465 370 70 466 455 361 308 82 297 162 44 225 52 372 185 48 426 269 258 343 465 165 80 265 158 81 435 140 467 313 194 
261 104 279 274 273 299 66 220 342 298 464 482 53 0 391 135 396 34 381 357 210 234 410 216 131 420 395 485 22 405 498 153 412 97 218 325 462 297 72 359 227 406 403 491 135 379 438 209 265 54 419 465 372 215 282 412 353 100 218 37 202 348 23 257 385 474 461 458 162 29 116 138 199 38 21 246 123 257 475 24 81 360 301 82 182 228 155 224 36 277 407 93 184 84 39 361 358 183 408 137 139 117 21 271 324 203 215 412 189 381 415 355 76 97 419 240 32 313 261 329 468 447 298 404 264 294 393 345 178 190 162 489 304 409 498 223 225 140 484 293 85 312 425 27 67 137 364 244 410 254 351 161 345 394 250 402 258 26 358 281 204 57 276 274 409 368 467 33 168 146 482 58 140 279 418 390 124 39 176 388 332 378 434 367 59 254 80 287 174 88 261 498 222 302 21 364 46 356 289 93 448 101 
47 469 307 345 209 204 113 390 175 288 192 123 482 391 0 313 66 424 485 82 142 480 101 440 43 478 247 133 123 291 194 275 196 21 72 111 459 431 38 430 224 247 347 324 411 81 109 498 101 370 233 192 475 440 393 332 462 56 123 193 46 311 415 428 72 221 209 363 109 327 72 71 213 92 30 99 292 387 434 405 140 243 362 309 307 298 60 211 151 34 207 494 143 129 29 66 147 496 252 290 319 46 382 103 20 293 245 231 319 446 27 329 62 497 465 376 448 32 294 246 333 420 59 211 38 167 356 478 334 20 113 27 169 236 142 182 227 123 360 247 373 330 497 23 196 374 326 337 394 480 271 412 344 454 166 313 444 275 60 232 480 371 56 159 403 137 449 381 365 132 414 284 301 143 124 486 388 168 177 490 343 244 254 46 417 81 378 231 472 331 492 263 241 211 281 470 198 109 31 260 279 137 
381 129 245 123 204 161 254 148 163 175 423 447 63 135 313 0 417 254 175 21 196 287 328 273 89 73 241 483 189 116 463 427 125 102 450 377 381 227 170 446 347 231 137 65 144 498 331 147 215 292 451 37 465 73 471 440 200 470 255 340 370 437 458 286 24 189 451 484 248 230 498 59 39 187 229 299 379 176 80 296 73 438 210 133 106 109 474 292 260 314 74 433 166 409 411 368 499 181 161 148 66 53 305 370 389 121 320 308 362 102 366 178 479 477 227 318 89 83 280 255 86 413 89 97 417 234 393 395 278 213 103 113 166 411 400 74 477 394 132 357 451 315 237 472 192 97 190 153 356 130 249 368 69 486 84 140 42 269 380 53 72 102 314 67 427 254 85 333 311 213 473 484 303 215 22 481 86 169 108 188 244 451 294 415 187 253 420 442 267 237 317 440 82 240 100 338 376 294 395 130 91 195 
31 82 123 350 408 265 89 308 254 349 408 282 201 396 66 417 0 197 283 182 67 209 471 391 254 20 273 433 221 165 148 383 300 495 211 170 272 275 251 220 314 300 326 54 348 119 465 336 252 82 112 31 487 484 417 348 296 30 190 322 121 353 119 312 344 191 95 304 350 166 166 238 141 443 423 461 40 35 258 319 423 168 109 148 74 473 39 349 206 499 237 497 62 95 272 303 492 188 103 133 128 415 257 208 368 151 93 485 401 342 350 368 396 365 345 283 149 215 113 145 184 218 485 260 373 105 40 428 494 333 465 368 61 292 436 170 332 362 401 326 95 120 331 267 437 203 188 413 175 391 423 162 271 219 334 132 133 70 261 214 198 346 166 411 63 448 487 99 104 444 393 215 284 274 242 247 487 425 126 66 289 400 497 310 59 478 176 57 23 222 80 471 445 43 495 396 235 24 386 68 461 115 
135 335 24 138 263 206 80 232 440 467 484 357 150 34 424 254 197 0 238 385 493 203 252 158 237 176 199 466 434 186 183 342 451 460 435 458 467 90 50 53 27 73 114 236 492 470 461 341 386 25 393 44 189 75 463 134 333 167 127 340 139 461 385 74 80 460 127 481 352 353 337 57 263 123 153 99 231 65 48 318 208 470 352 64 114 123 373 56 367 246 366 241 84 178 311 26 105 39 476 228 327 411 119 331 426 457 426 313 327 481 372 167 479 304 157 261 468 482 404 348 28 261 476 242 180 144 98 45 119 324 434 444 399 209 234 435 43 252 431 117 434 223 351 279 310 497 103 258 204 392 246 89 348 157 497 444 148 367 328 333 322 491 329 433 257 74 404 24 83 475 431 353 112 98 90 279 30 353 294 129 354 214 33 89 438 485 53 378 251 312 243 288 209 68 265 491 260 46 91 388 201 398 
442 345 483 219 499 116 35 453 277 321 21 479 482 381 485 175 283 238 0 337 67 202 498 142 463 446 486 129 136 125 371 223 418 370 197 336 51 466 210 393 271 460 24 283 81 225 198 169 125 54 125 127 484 424 56 417 487 95 42 386 288 198 359 311 29 218 70 75 110 352 229 436 450 92 462 69 492 416 57 293 76 130 465 32 331 177 91 221 455 393 212 176 496 388 91 465 338 436 239 44 116 366 442 378 128 41 46 208 37 168 399 87 89 340 305 188 162 366 419 137 311 227 365 211 226 64 374 469 329 136 361 125 45 196 280 197 115 410 417 229 385 226 368 455 203 117 70 187 175 422 313 140 414 309 348 275 28 130 480 459 137 127 314 324 97 425 39 92 353 472 462 43 491 309 357 253 300 204 183 357 348 290 388 48 261 392 457 184 359 81 129 283 476 32 460 107 152 390 80 455 243 75 
47 233 232 161 117 336 473 340 205 153 343 83 247 357 82 21 182 385 337 0 477 457 394 74 213 353 98 386 204 354 335 489 492 124 404 452 284 42 235 213 482 493 424 180 422 153 217 322 90 237 497 186 151 137 165 456 297 379 470 478 45 347 144 132 25 376 115 368 478 82 48 55 42 297 246 67 273 213 205 166 269 24 194 205 259 306 229 152 199 435 336 41 227 278 73 347 372 76 329 21 470 470 414 255 66 183 46 404 116 457 156 153 49 271 304 237 105 300 210 225 25 338 248 426 149 28 161 245 196 480 256 250 44 447 188 116 464 160 343 464 471 220 270 484 463 186 321 290 305 446 468 236 167 126 117 138 299 214 255 251 370 92 158 456 297 470 147 287 94 426 442 222 99 86 395 206 174 290 286 499 36 402 179 161 472 416 304 177 430 298 332 84 261 360 460 423 276 321 267 199 148 190 
176 443 121 213 306 386 249 66 205 284 70 446 377 210 142 196 67 493 67 477 0 192 39 478 319 27 224 87 237 335 393 489 431 342 39 116 481 401 134 389 258 496 169 357 204 498 382 85 298 172 405 56 101 239 403 307 351 133 322 400 356 188 459 329 253 39 231 131 263 64 178 152 324 179 481 474 433 279 374 309 375 222 81 276 37 112 105 231 158 370 347 195 367 364 482 139 101 428 424 494 188 261 252 48 314 476 357 493 381 485 278 315 434 72 386 336 104 266 241 484 100 74 436 376 87 265 118 471 461 45 371 411 39 200 77 116 43 244 284 325 217 322 486 175 386 372 49 306 245 263 212 241 186 373 84 469 130 345 366 85 190 436 495 213 303 272 76 76 350 36 432 170 430 375 432 90 175 456 101 420 404 109 154 310 262 26 36 164 250 37 402 366 96 168 325 161 350 230 322 321 413 178 
251 303 281 274 164 366 221 315 133 447 424 23 451 234 480 287 209 203 202 457 192 0 454 293 35 140 378 227 160 45 103 365 236 133 330 92 49 99 43 397 69 53 139 393 60 112 285 201 251 498 183 153 47 294 296 157 191 489 364 146 351 202 158 342 455 247 397 138 164 342 370 246 365 240 225 206 120 437 382 84 174 124 210 95 60 266 446 122 236 213 431 367 435 425 435 134 428 459 139 168 421 412 417 137 89 32 91 198 222 479 337 459 479 300 380 376 204 132 495 453 305 121 139 67 388 144 429 421 99 488 427 479 286 349 95 206 464 267 34 24 468 86 285 341 214 489 188 398 167 413 484 165 277 477 135 341 443 233 437 219 116 375 213 54 470 192 244 139 28 410 94 172 36 321 75 346 411 220 315 40 374 318 357 130 258 201 107 462 158 250 211 81 359 481 370 373 52 143 202 42 68 21 
224 167 303 217 95 307 472 150 161 221 421 308 203 410 101 328 471 252 498 394 39 454 0 438 267 405 106 322 66 54 77 384 463 447 300 25 164 63 197 353 308 310 395 46 78 452 396 458 261 162 176 326 82 144 163 50 412 110 55 171 470 495 228 20 201 43 338 72 148 84 25 207 82 43 38 79 251 116 32 292 461 423 268 435 76 296 78 59 103 345 337 366 29 175 457 287 160 290 182 155 249 233 140 93 237 326 241 125 62 125 359 265 373 235 75 183 286 276 28 185 372 61 160 402 416 28 259 456 412 205 98 378 316 486 391 436 367 141 182 65 482 264 359 192 357 470 340 474 179 60 118 371 460 290 331 447 453 255 156 279 35 370 476 76 132 83 306 347 415 42 475 226 236 286 297 498 166 144 145 485 208 200 420 434 54 272 92 478 86 65 410 469 159 219 173 58 377 281 245 251 69 259 
82 54 92 154 298 341 228 99 118 353 247 431 270 216 440 273 391 158 142 74 478 293 438 0 328 265 262 293 181 390 127 193 168 288 415 129 366 349 283 271 281 439 411 72 134 426 88 430 348 139 195 30 24 476 458 226 167 253 343 231 307 293 441 273 354 402 167 237 283 413 226 455 75 433 26 30 359 285 436 373 243 72 139 299 386 133 405 365 191 104 327 491 107 279 219 456 455 292 432 373 117 250 499 417 346 149 125 266 359 279 253 55 88 281 408 329 476 31 398 174 375 143 94 376 164 291 365 462 351 477 195 34 258 283 278 35 302 203 491 243 332 320 250 380 148 165 82 318 238 497 221 140 248 156 293 472 72 402 87 300 178 454 167 474 203 264 404 54 366 410 365 355 223 287 52 331 79 20 418 308 288 420 459 431 426 247 68 146 445 459 258 360 455 134 36 167 376 394 20 291 388 298 
173 403 245 296 106 304 498 337 458 77 177 150 417 131 43 89 254 237 463 213 319 35 267 328 0 234 129 264 316 114 270 49 112 239 81 122 384 383 159 469 327 417 46 76 407 309 363 39 454 355 304 176 169 318 496 118 292 266 277 175 448 156 108 482 254 193 95 36 236 322 36 64 149 102 84 92 349 376 286 442 142 75 156 445 172 59 295 397 304 214 263 124 339 122 141 393 233 257 453 293 80 475 454 245 361 442 268 55 486 340 391 328 389 452 277 133 28 274 462 176 277 116 383 470 252 309 473 239 119 342 362 262 149 434 269 154 458 294 446 163 314 432 368 153 403 407 98 113 97 75 239 201 124 399 421 327 356 52 25 252 432 168 216 111 195 495 289 376 32 496 338 489 160 276 64 180 66 106 363 105 354 111 208 318 44 364 257 213 82 224 403 472 285 351 22 104 449 475 170 86 148 355 
312 268 253 93 471 400 131 312 98 401 192 496 420 420 478 73 20 176 446 353 27 140 405 265 234 0 464 81 129 201 319 322 23 232 472 52 199 421 27 345 430 309 219 488 79 128 240 331 198 100 236 88 184 285 305 30 398 196 480 355 324 406 212 139 413 342 145 316 473 85 247 32 298 465 124 138 259 252 248 476 498 478 98 105 239 189 284 22 309 29 138 167 498 483 41 183 90 126 286 263 224 200 108 443 167 136 266 290 85 252 340 277 393 86 128 417 399 324 468 360 178 405 247 132 274 472 389 302 150 71 455 190 291 164 450 180 365 387 174 87 77 105 202 188 213 435 239 137 288 89 386 410 269 340 141 99 141 446 80 471 314 473 404 457 459 116 129 210 357 265 305 434 309 394 292 90 379 477 53 393 297 197 460 405 173 131 342 236 74 412 114 476 110 93 365 432 127 381 401 124 119 66 
402 260 185 116 405 426 368 322 240 222 111 358 403 395 247 241 273 199 486 98 224 378 106 262 129 464 0 25 59 338 487 488 214 390 252 379 360 435 398 412 96 282 329 376 199 338 283 339 195 217 410 411 282 40 457 186 475 426 23 112 378 495 105 128 378 60 121 329 464 485 286 377 357 61 238 93 316 333 193 28 53 195 409 356 241 461 319 324 23 199 431 349 22 466 150 467 140 229 123 168 167 103 60 138 266 158 283 300 146 418 25 403 89 118 96 210 155 216 263 408 439 86 50 135 89 99 441 297 405 234 458 158 54 291 401 377 120 292 215 76 178 378 360 225 153 24 473 107 65 46 490 156 421 350 329 408 457 299 55 233 317 211 431 277 453 351 36 109 471 24 202 167 260 348 216 174 219 497 460 121 203 121 431 409 359 199 155 279 463 305 346 221 204 103 209 115 444 195 445 430 463 417 
161 38 91 285 215 281 246 148 311 187 223 67 306 485 133 483 433 466 129 386 87 227 322 293 264 81 25 0 92 452 304 113 400 35 168 490 63 450 416 225 254 120 38 378 464 268 371 447 137 108 330 399 280 450 130 472 100 324 455 424 22 171 446 288 24 326 136 106 92 48 138 45 352 447 266 479 112 31 156 90 397 126 350 210 205 105 448 134 354 343 329 276 63 356 278 434 121 161 35 475 74 362 79 102 124 280 155 157 36 280 244 44 397 315 305 409 311 48 94 84 126 495 251 270 224 439 319 335 378 27 385 34 178 56 440 212 186 362 417 93 371 255 289 285 369 268 139 107 254 350 388 234 257 212 390 158 288 76 450 382 483 59 201 393 27 289 173 413 291 252 195 326 102 380 396 181 417 87 180 305 106 381 442 402 146 271 210 235 135 203 263 391 92 75 37 472 141 47 341 172 62 408 
496 398 352 262 301 162 210 92 287 325 41 316 103 22 123 189 221 434 136 204 237 160 66 181 316 129 59 92 0 490 449 324 439 253 91 134 261 404 243 100 404 168 177 473 422 38 382 253 189 278 275 430 178 123 215 241 425 58 263 307 101 126 150 469 440 475 343 71 254 82 440 51 75 149 210 254 322 236 190 235 72 374 202 193 248 115 460 205 343 322 279 267 203 487 364 289 488 208 338 300 139 87 393 160 107 106 91 42 364 202 148 216 373 369 468 443 325 151 450 459 386 22 35 364 178 205 43 401 397 450 308 30 274 76 269 466 218 175 372 132 42 201 327 108 365 429 279 102 129 46 319 275 240 446 212 65 482 343 381 396 241 250 132 132 221 470 173 305 225 460 390 468 70 401 256 144 374 179 190 329 372 95 491 44 330 162 401 495 291 46 103 410 378 192 395 166 274 32 144 165 392 201 
58 440 162 488 489 341 362 349 65 213 303 305 161 405 291 116 165 186 125 354 335 45 54 390 114 201 338 452 490 0 121 355 230 265 391 107 122 43 367 493 230 499 48 94 184 489 195 480 125 411 52 484 210 316 400 141 59 49 63 87 120 365 116 440 468 475 387 69 351 60 402 56 479 50 499 305 259 29 401 411 184 387 265 241 63 149 28 64 63 144 354 430 471 97 224 251 407 45 220 39 495 208 241 52 487 420 319 46 177 388 388 424 348 145 401 73 235 21 374 167 102 454 416 114 78 301 164 148 406 296 156 440 49 77 209 169 263 304 441 124 460 327 356 272 402 108 146 52 413 98 359 203 247 283 417 76 294 281 393 140 283 52 40 32 173 284 253 317 325 352 300 227 186 270 408 186 288 379 244 443 349 133 23 370 380 407 270 67 422 493 407 203 461 185 299 71 458 101 218 283 138 378 
235 136 442 61 396 324 74 64 190 44 61 31 119 498 194 463 148 183 371 335 393 103 77 127 270 319 487 304 449 121 0 478 204 197 352 41 142 336 327 160 198 403 454 461 39 412 162 271 31 213 145 181 311 340 158 171 22 434 304 435 200 415 455 183 190 468 199 190 117 72 88 30 155 39 268 369 111 31 355 203 297 349 460 427 314 184 397 432 21 364 196 142 77 331 431 352 385 238 105 128 54 146 278 405 228 385 289 397 52 301 259 267 72 293 455 162 27 289 396 355 362 448 363 275 147 53 185 449 157 29 431 310 153 148 232 238 136 41 235 326 29 271 458 119 132 309 298 98 354 152 388 236 191 407 363 331 34 39 207 225 59 328 321 265 455 312 472 336 367 423 147 199 434 107 32 214 389 53 477 114 152 131 29 306 27 279 109 414 416 392 407 457 163 311 422 449 167 421 492 356 386 323 
187 418 106 320 364 49 159 214 235 224 225 222 25 153 275 427 383 342 223 489 489 365 384 193 49 322 488 113 324 355 478 0 257 54 92 362 205 336 404 461 135 443 292 43 62 29 422 329 57 499 55 319 474 192 379 50 392 165 33 291 269 50 424 37 285 59 450 308 88 462 408 165 274 484 431 184 177 375 329 181 374 339 110 246 480 207 173 321 301 478 446 250 163 161 266 438 494 31 205 82 106 280 314 293 420 246 479 435 316 453 395 292 238 165 270 276 145 286 384 332 222 435 325 306 181 313 366 220 413 490 291 234 363 117 320 149 422 345 62 322 328 274 372 348 455 338 222 417 52 372 220 443 259 301 30 371 365 324 254 225 339 419 462 486 259 270 213 445 96 308 148 399 445 36 429 391 234 482 230 357 338 377 138 151 388 83 273 165 401 167 482 395 181 115 438 492 154 490 158 421 25 143 
146 421 124 33 415 275 210 388 69 395 161 439 246 412 196 125 300 451 418 492 431 236 463 168 112 23 214 400 439 230 204 257 0 103 385 418 355 157 299 319 252 334 424 51 246 49 262 296 398 295 272 490 141 192 68 302 129 417 166 88 338 37 278 315 244 385 159 161 120 300 306 301 488 287 371 447 371 250 337 217 69 423 476 480 123 34 114 389 406 345 59 228 430 113 278 396 264 233 371 64 203 451 482 350 367 224 108 254 119 43 289 477 321 25 337 123 412 208 415 129 57 389 403 167 325 490 431 149 118 424 356 72 451 233 389 120 377 122 188 280 139 302 220 29 234 102 440 386 406 144 466 331 243 366 374 105 288 89 487 254 324 421 346 257 425 294 290 292 173 83 332 372 23 299 108 449 423 469 407 95 305 492 339 235 428 59 267 50 134 421 40 143 58 392 477 243 452 483 65 426 20 437 
391 409 240 341 224 162 52 152 290 105 425 315 31 97 21 102 495 460 370 124 342 133 447 288 239 232 390 35 253 265 197 54 103 0 322 59 66 296 24 112 97 335 279 376 470 427 426 201 235 340 412 105 127 278 344 431 449 122 85 262 349 103 170 402 182 296 200 309 372 495 231 276 255 314 257 214 269 342 31 109 217 481 336 184 213 181 97 455 225 225 202 449 220 58 293 419 89 82 164 74 22 295 35 83 106 192 188 64 61 212 346 126 349 491 304 453 174 456 138 384 33 488 484 237 104 356 474 166 136 93 448 130 336 121 371 86 169 200 335 128 431 301 131 165 128 473 34 249 210 58 91 319 393 308 107 274 137 430 497 356 233 369 482 196 169 428 479 325 261 347 260 60 427 201 162 426 489 404 463 380 362 112 252 463 163 143 231 280 232 383 210 99 69 212 436 345 106 296 303 424 198 128 
38 178 487 195 322 133 362 147 409 481 390 496 145 218 72 450 211 435 197 404 39 330 300 415 81 472 252 168 91 391 352 92 385 322 0 418 478 23 145 351 373 97 483 287 214 350 276 181 119 244 96 352 454 173 480 421 43 35 368 413 457 474 277 331 102 403 479 80 108 222 428 226 270 367 78 411 366 85 461 494 350 455 367 479 70 255 183 339 294 428 364 293 188 418 380 347 104 213 33 472 430 38 66 244 316 349 317 297 237 279 292 335 45 386 197 426 94 135 110 226 442 455 433 116 26 138 196 423 54 179 301 225 334 344 284 123 329 496 57 434 347 366 383 384 172 461 489 395 439 236 301 91 48 413 326 210 266 249 310 279 24 246 139 403 146 411 193 256 443 210 297 255 32 447 329 105 483 273 451 136 409 215 378 263 48 117 371 71 374 343 25 307 150 261 67 278 356 55 281 76 379 459 
449 189 220 395 415 344 451 172 473 144 35 351 421 325 111 377 170 458 336 452 116 92 25 129 122 52 379 490 134 107 41 362 418 59 418 0 341 311 452 469 135 243 90 374 476 43 332 48 479 205 290 120 288 91 68 205 277 420 184 297 254 403 234 342 365 294 80 162 454 449 494 406 323 68 88 259 251 59 23 222 100 436 430 238 278 310 413 291 242 464 69 425 355 112 429 478 292 149 260 160 386 327 264 202 36 293 454 353 136 31 451 234 431 262 219 62 156 480 329 128 89 65 422 270 27 374 20 119 102 195 413 365 148 112 24 346 498 383 301 407 268 97 152 475 330 138 435 273 90 226 431 429 305 221 387 384 460 493 169 170 348 343 100 48 321 484 263 174 342 376 114 366 45 424 478 442 380 39 28 462 121 194 280 146 322 494 132 390 96 286 466 382 77 121 161 209 147 362 445 301 183 410 
252 297 353 202 173 441 155 435 445 201 441 315 60 462 459 381 272 467 51 284 481 49 164 366 384 199 360 63 261 122 142 205 355 66 478 341 0 128 109 278 124 381 46 366 487 191 350 32 458 173 213 341 282 176 393 351 335 184 125 193 464 444 377 433 364 33 192 61 364 30 317 108 389 157 480 263 81 483 136 311 160 308 193 273 171 113 112 111 394 419 236 192 134 29 112 292 81 189 110 80 309 435 262 345 171 357 471 303 141 466 405 263 270 53 444 62 104 493 36 282 405 219 213 467 386 363 29 371 450 55 128 281 319 360 175 324 118 478 124 78 163 338 397 215 250 122 175 420 121 365 492 104 186 232 64 385 45 304 169 134 389 472 29 256 49 101 33 470 206 272 343 173 219 300 215 47 430 169 449 300 261 57 49 223 224 401 245 435 173 274 219 197 195 264 398 491 243 146 323 117 91 355 
247 332 274 442 322 125 24 28 154 92 162 384 429 297 431 227 275 90 466 42 401 99 63 349 383 421 435 450 404 43 336 336 157 296 23 311 128 0 271 371 350 232 315 440 81 460 27 413 374 473 251 201 398 447 59 80 395 249 92 121 292 430 283 324 397 470 190 491 38 383 461 41 338 238 323 153 75 329 452 288 83 404 145 429 430 346 442 384 175 79 308 265 81 308 267 466 327 155 249 64 373 171 440 405 64 486 340 218 131 201 357 124 164 435 444 212 39 330 347 299 34 27 330 285 176 224 39 222 105 295 381 282 241 144 153 193 432 151 249 324 99 403 485 25 50 126 451 37 193 311 486 282 330 324 326 158 42 379 406 398 91 259 466 323 259 278 87 245 203 170 280 285 114 81 173 415 227 93 47 488 324 72 418 340 464 211 466 115 488 173 97 172 421 439 287 291 242 421 91 472 471 103 
399 122 370 271 496 102 414 404 22 446 152 371 77 72 38 170 251 50 210 235 134 43 197 283 159 27 398 416 243 367 327 404 299 24 145 452 109 271 0 185 496 120 201 165 183 320 408 455 133 152 262 376 417 29 432 339 356 81 222 431 320 80 138 460 160 165 229 428 241 62 214 453 130 62 420 180 424 401 279 116 485 133 249 47 394 408 259 244 250 428 437 137 465 226 390 163 388 390 189 84 299 263 95 484 157 298 426 131 154 287 193 29 207 180 105 144 54 296 115 378 444 387 28 407 295 292 401 137 87 476 119 184 459 313 41 61 104 389 35 345 310 112 223 459 76 459 318 258 461 183 266 80 50 189 25 224 138 287 404 169 159 238 313 98 475 382 61 25 203 151 406 127 483 110 185 102 162 211 415 270 312 396 462 28 293 226 277 204 355 313 247 297 198 38 364 90 163 125 228 159 303 41 
255 318 390 177 368 123 424 157 147 316 371 423 423 359 430 446 220 53 393 213 389 397 353 271 469 345 412 225 100 493 160 461 319 112 351 469 278 371 185 0 77 60 169 383 183 85 27 53 406 124 29 174 40 70 379 57 408 36 185 92 322 433 115 363 247 39 201 30 355 120 379 193 366 185 465 269 416 321 319 119 361 307 455 39 224 407 95 140 73 112 340 143 28 138 175 69 324 210 23 297 197 299 375 169 450 126 258 287 446 369 340 259 321 187 59 478 285 279 150 354 370 375 252 25 398 60 417 444 249 483 404 390 81 481 364 167 241 50 36 444 23 398 100 191 390 254 35 283 265 269 74 132 377 130 378 452 33 110 241 152 415 417 265 221 398 225 33 421 386 190 448 494 308 447 215 437 415 225 390 262 74 98 450 24 39 185 374 311 122 104 487 449 30 372 252 54 197 277 30 361 127 361 
314 312 255 284 132 191 42 223 92 483 475 48 470 227 224 347 314 27 271 482 258 69 308 281 327 430 96 254 404 230 198 135 252 97 373 135 124 350 496 77 0 157 28 125 461 435 427 54 143 237 232 169 222 422 135 292 195 310 154 260 468 428 64 254 293 343 345 382 322 140 285 270 444 163 302 186 128 258 491 145 206 62 103 238 39 191 121 375 136 68 21 358 407 391 59 199 412 450 334 161 402 498 40 440 254 186 140 210 223 139 28 25 454 35 364 64 488 180 279 298 49 167 400 39 348 224 219 352 320 388 190 117 333 280 242 165 280 107 30 462 467 279 390 470 256 484 31 105 231 462 199 67 390 456 83 336 233 256 457 466 26 293 303 452 154 198 451 317 241 349 300 86 67 141 433 463 388 231 137 399 461 243 370 331 238 493 230 73 134 46 267 453 82 205 74 468 162 357 259 103 146 185 
403 298 133 58 286 26 435 309 276 53 395 215 318 406 247 231 300 73 460 493 496 53 310 439 417 309 282 120 168 499 403 443 334 335 97 243 381 232 120 60 157 0 414 466 184 21 389 238 217 86 240 251 353 45 225 426 178 96 178 442 124 146 235 353 143 229 184 398 429 252 250 301 195 485 189 74 57 215 490 249 40 281 254 341 363 132 59 168 26 233 189 299 275 341 271 110 57 276 479 442 162 84 336 149 43 492 463 454 111 28 200 281 216 278 409 485 277 286 103 268 492 111 144 35 434 190 449 51 441 418 265 255 265 404 333 360 499 467 157 109 321 331 199 118 434 407 299 82 325 389 239 224 307 186 148 107 194 309 136 282 183 56 157 71 108 68 441 333 34 228 304 488 408 45 464 184 221 100 251 422 291 320 282 170 85 370 271 460 138 227 300 425 282 445 34 312 464 332 189 78 65 486 
311 199 51 332 226 288 160 435 67 220 53 270 281 403 347 137 326 114 24 424 169 139 395 411 46 219 329 38 177 48 454 292 424 279 483 90 46 315 201 169 28 414 0 366 31 220 264 201 166 226 35 273 231 184 56 432 499 251 256 427 267 467 47 20 265 107 377 450 283 223 277 223 241 375 321 257 218 340 134 411 169 233 350 148 350 268 52 441 290 76 203 398 115 324 129 234 321 305 468 260 88 65 38 361 31 365 61 336 352 489 111 367 170 185 124 462 147 326 28 92 97 369 155 418 171 38 193 437 59 373 215 208 23 190 359 225 256 299 323 98 59 418 41 427 303 346 198 326 493 142 56 420 118 177 440 334 218 321 88 61 253 478 457 78 479 445 161 209 156 56 219 225 465 232 478 281 96 182 227 388 438 110 305 310 459 309 267 313 233 316 365 363 48 373 179 422 346 326 155 479 91 284 
142 450 340 223 273 218 494 461 222 260 118 339 195 491 324 65 54 236 283 180 357 393 46 72 76 488 376 378 473 94 461 43 51 376 287 374 366 440 165 383 125 466 366 0 459 148 267 34 54 352 327 82 187 432 180 139 238 251 166 292 412 397 384 128 233 229 28 354 316 128 46 418 317 405 68 257 125 387 401 57 23 167 330 249 86 339 112 272 120 411 336 231 305 465 199 116 114 276 457 172 76 68 196 89 272 218 128 44 24 310 427 309 299 88 434 241 221 435 466 67 213 382 400 38 468 269 133 161 403 416 31 380 491 155 292 402 442 310 184 232 197 21 128 413 313 314 359 386 343 313 482 172 176 45 432 392 44 105 356 142 273 498 485 377 258 491 21 150 70 400 433 187 459 296 57 378 458 437 241 245 492 493 71 276 366 494 22 21 289 397 42 68 342 368 452 236 280 317 129 44 281 338 
113 397 196 476 449 342 272 209 102 488 419 52 361 135 411 144 348 492 81 422 204 60 78 134 407 79 199 464 422 184 39 62 246 470 214 476 487 81 183 183 461 184 31 459 0 246 141 210 87 158 339 485 241 88 274 261 376 74 67 185 107 459 343 60 194 224 299 265 420 357 444 309 186 334 317 285 35 78 295 450 362 311 177 50 342 291 288 41 192 436 96 440 298 311 211 228 462 238 490 498 468 205 242 258 360 453 497 473 235 64 433 452 265 364 155 441 108 188 264 480 271 458 52 499 117 66 212 482 314 91 297 314 362 231 374 102 369 494 207 150 83 341 146 351 477 357 282 195 123 457 497 499 171 23 358 82 434 467 32 92 302 337 114 391 108 218 431 457 443 432 191 410 289 341 435 347 428 169 341 247 43 467 388 137 414 386 255 222 491 499 159 189 467 182 426 100 452 205 101 180 400 181 
413 298 367 213 264 247 441 280 150 311 222 371 407 379 81 498 119 470 225 153 498 112 452 426 309 128 338 268 38 489 412 29 49 427 350 43 191 460 320 85 435 21 220 148 246 0 330 399 158 264 411 65 160 129 245 62 164 193 360 330 271 146 38 127 391 107 410 362 207 467 316 214 25 489 66 110 55 355 408 125 114 53 243 56 383 277 386 62 207 29 166 127 325 240 388 315 270 97 313 396 236 432 45 71 147 310 363 287 152 195 304 395 134 166 130 296 467 365 67 418 178 461 486 79 42 132 193 348 72 221 291 236 144 117 488 446 218 252 363 207 91 221 59 97 480 257 369 90 354 240 417 207 119 346 239 418 421 438 132 361 477 233 353 466 229 233 371 36 54 418 488 135 71 441 160 263 106 79 456 469 86 168 259 175 324 108 234 352 286 78 406 363 53 171 346 420 146 149 342 320 463 113 
364 451 105 460 485 327 222 152 381 293 188 123 411 438 109 331 465 461 198 217 382 285 396 88 363 240 283 371 382 195 162 422 262 426 276 332 350 27 408 27 427 389 264 267 141 330 0 106 366 166 94 168 486 170 280 206 129 278 27 498 104 419 427 478 210 221 51 30 233 24 429 407 300 383 482 187 90 365 82 122 429 160 181 475 325 426 67 203 199 426 498 85 229 186 446 340 383 426 142 421 203 238 117 255 369 179 277 455 442 152 267 160 363 315 455 32 76 305 122 137 430 249 405 405 427 147 47 83 336 365 455 466 121 63 395 283 220 216 441 357 393 248 484 163 144 256 154 448 355 102 35 141 126 173 460 314 324 277 452 164 76 431 326 46 316 243 153 211 436 405 405 186 398 278 359 491 164 407 150 194 115 275 295 34 447 205 382 459 248 200 262 366 475 22 115 448 379 339 358 206 353 50 
281 155 90 213 486 461 127 428 51 348 194 73 467 209 498 147 336 341 169 322 85 201 458 430 39 331 339 447 253 480 271 329 296 201 181 48 32 413 455 53 54 238 201 34 210 399 106 0 400 241 433 248 346 258 368 232 325 399 67 351 174 302 90 129 308 81 397 436 125 186 325 203 53 465 126 453 185 245 427 440 371 240 443 327 103 301 283 124 269 46 220 242 191 409 438 498 118 307 365 320 369 400 243 87 182 105 462 83 155 367 187 109 230 351 371 364 244 215 429 185 376 264 197 276 388 140 380 70 108 26 447 438 233 23 428 192 156 303 338 355 436 197 440 186 81 71 33 109 105 390 431 393 268 388 326 77 99 47 210 326 190 141 204 446 334 312 408 432 432 236 498 127 139 382 459 103 348 176 430 436 336 418 328 466 497 363 103 261 261 265 130 314 340 373 154 254 424 282 224 429 441 263 
51 348 160 415 72 72 477 423 287 391 482 355 179 265 101 215 252 386 125 90 298 251 261 348 454 198 195 137 189 125 31 57 398 235 119 479 458 374 133 406 143 217 166 54 87 158 366 400 0 247 461 202 323 58 221 334 161 385 200 432 436 416 190 497 133 177 292 370 290 148 395 149 89 211 319 415 486 459 33 449 393 424 407 375 316 175 162 496 227 162 464 368 68 352 308 370 377 267 371 306 36 206 287 234 450 127 265 251 323 193 499 46 282 429 260 187 240 466 223 427 93 250 150 25 409 431 91 62 432 62 280 205 181 58 288 91 472 37 485 355 90 331 202 490 288 367 92 30 39 297 93 260 216 272 33 499 252 149 93 443 273 304 156 106 285 224 180 272 482 45 313 449 275 47 208 219 454 436 263 424 202 30 35 326 219 108 185 262 468 379 129 402 453 427 200 306 453 70 101 176 457 255 
433 456 274 412 195 36 209 191 485 356 87 182 44 54 370 292 82 25 54 237 172 498 162 139 355 100 217 108 278 411 213 499 295 340 244 205 173 473 152 124 237 86 226 352 158 264 166 241 247 0 206 283 469 120 396 393 306 135 77 481 321 441 280 216 303 438 358 217 74 488 239 490 339 215 386 45 372 214 378 37 20 388 173 218 457 171 358 222 237 365 86 400 52 64 422 417 476 23 336 438 326 484 175 493 260 378 276 259 148 248 122 21 236 163 252 166 310 466 262 288 158 336 362 286 201 253 404 298 457 22 415 291 495 407 41 257 64 318 260 444 426 274 111 265 376 484 165 166 165 20 244 89 462 471 337 147 427 247 266 283 255 252 91 137 269 266 261 335 206 139 316 31 128 110 224 137 65 207 143 35 477 154 440 495 228 74 403 471 96 183 368 380 101 400 333 463 489 452 43 127 438 39 
168 491 315 358 353 250 185 494 259 99 265 69 39 419 233 451 112 393 125 497 405 183 176 195 304 236 410 330 275 52 145 55 272 412 96 290 213 251 262 29 232 240 35 327 339 411 94 433 461 206 0 323 117 30 83 117 61 143 333 450 454 199 458 443 298 457 370 408 114 432 228 206 84 228 26 347 95 267 77 131 345 130 220 65 38 139 458 342 268 137 166 293 85 138 430 451 180 357 182 329 203 228 486 460 397 163 226 430 288 186 366 150 69 119 273 222 218 400 217 235 255 152 96 130 249 335 110 377 404 95 95 76 460 228 389 210 493 267 177 463 25 223 174 426 394 32 495 161 25 341 75 444 318 451 133 320 345 286 305 230 369 447 115 427 379 183 394 328 93 68 366 100 467 129 86 425 465 227 93 276 170 33 453 369 209 83 380 71 191 158 63 368 148 142 220 268 193 486 380 438 325 181 
